event_id,encounter_id,event_type,description,recorded_at
EVT-SYN-001,ENC-SYN-003,handoff_created,Primary care handoff prepared; clinic confirmation pending,2026-02-12T14:00:00Z
EVT-SYN-002,ENC-SYN-003,documentation_gap,One unsigned section and one missing laboratory result identified,2026-02-13T09:15:00Z
EVT-SYN-003,ENC-SYN-004,discharge_checklist,Discharge checklist opened for human review,2026-02-13T16:30:00Z
